SIZES
  narena                14680064
  nbuffer               2820608
  nplugin               0
  maxuse_stack          8712
  maxuse_arena          30968
  maxuse_con            2
  maxuse_efc            25
  solver_nisland        1
  ne                    2
  nf                    14
  nl                    0
  nefc                  20
  nnzJ                  360
  ncon                  1
  nisland               0
  threadpool            0

TIMER
    0:  duration =  0.11       number = 1
    1:  duration =  0.11       number = 1
    2:  duration =  0          number = 0
    3:  duration =  0.092      number = 1
    4:  duration =  0.0039     number = 1
    5:  duration =  0.0012     number = 1
    6:  duration =  0.0082     number = 1
    7:  duration =  0.001      number = 1
    8:  duration =  0.0088     number = 1
    9:  duration =  0.0018     number = 1
    10:  duration =  0.072      number = 1
    11:  duration =  0.0092     number = 1
    12:  duration =  5e-05      number = 1
    13:  duration =  0.01       number = 1
    14:  duration =  0.0088     number = 1
    15:  duration =  0.0037     number = 1

SOLVER STAT
  solver_nisland = 1
  solver_fwdinv =   0         0       
  ISLAND 0
    solver_niter = 1
    solver_nnz = 324
      0:  improvement =  0.0034      gradient =  4.4e-17     lineslope =  0       
          nactive = 20   nchange = 0   neval = 2   nupdate = 0

ENERGY =   0         0       

TIME =  3       

QPOS
   0.0094  
   0.018   
   0.16    
   0.087   
  -0.022   
  -0.17    
  -0.068   
   0.024   
   0.024   
  -0.064   
  -0.032   
   0.055   
   0.082   
   0.21    
  -0.016   
   0.066   
   0.0018  
   0.0018  

QVEL
  -0.033   
   0.34    
  -0.12    
  -0.63    
  -0.95    
  -0.99    
  -0.62    
   0.0046  
   0.0046  
   0.022   
   0.0079  
   0.97    
   0.00067 
   0.27    
  -0.014   
  -0.62    
  -1.8e-05 
   1.8e-05 

QACC_WARMSTART
  -0.87    
  -0.13    
  -8.6     
  -4.3     
  -0.38    
   2       
   8.9     
   0.14    
   0.23    
   2       
   1.8     
   2.4     
   0.51    
  -14      
  -1.6     
  -8.9     
  -0.013   
   0.013   

CTRL
   0.3     
   0.07    
  -0.18    
  -0.38    
  -0.49    
  -0.48    
  -0.35    
  -0.14    
   0.11    
   0.33    
   0.47    
   0.49    
   0.4     
   0.21    
  -0.038   
  -0.27    
  -0.44    
  -0.5     

QFRC_APPLIED
   0       
   0       
   0       
   0       
   0       
   0       
   0       
   0       
   0       
   0       
   0       
   0       
   0       
   0       
   0       
   0       
   0       
   0       

XFRC_APPLIED
   0         0         0         0         0         0       
   0         0         0         0         0         0       
   0         0         0         0         0         0       
   0         0         0         0         0         0       
   0         0         0         0         0         0       
   0         0         0         0         0         0       
   0         0         0         0         0         0       
   0         0         0         0         0         0       
   0         0         0         0         0         0       
   0         0         0         0         0         0       
   0         0         0         0         0         0       
   0         0         0         0         0         0       
   0         0         0         0         0         0       
   0         0         0         0         0         0       
   0         0         0         0         0         0       
   0         0         0         0         0         0       
   0         0         0         0         0         0       
   0         0         0         0         0         0       
   0         0         0         0         0         0       
   0         0         0         0         0         0       
   0         0         0         0         0         0       
   0         0         0         0         0         0       
   0         0         0         0         0         0       
   0         0         0         0         0         0       
   0         0         0         0         0         0       
   0         0         0         0         0         0       
   0         0         0         0         0         0       
   0         0         0         0         0         0       

EQ_ACTIVE             1 1

QACC
  -0.87    
  -0.13    
  -8.6     
  -4.3     
  -0.38    
   2       
   8.9     
   0.14    
   0.23    
   2       
   1.8     
   2.4     
   0.51    
  -14      
  -1.6     
  -8.9     
  -0.013   
   0.013   

SENSOR
   0       
   0       
   0       
   1       
   0       
   0       
   0       
   0       
   0       
   0       
   0       
   0       
   0       
   0       
   0       
   0       

XPOS
   0         0         0       
   0         0         0       
   0         0.031     0.7     
   0         0.093     0.7     
  -0.03      0.15      0.7     
  -0.00062   0.15      0.63    
  -0.0072    0.12      0.48    
   0.0053    0.15      0.38    
   0.052     0.14      0.27    
   0.015     0.14      0.26    
   0.012     0.12      0.27    
   0.027     0.13      0.16    
   0.037     0.11      0.087   
   0.033     0.15      0.15    
   0.023     0.088     0.16    
   0        -0.031     0.7     
   0        -0.093     0.7     
  -0.03     -0.15      0.7     
  -0.0043   -0.15      0.63    
  -0.016    -0.18      0.48    
  -0.012    -0.14      0.38    
   0.026    -0.15      0.26    
  -0.01     -0.14      0.26    
  -0.016    -0.16      0.26    
  -0.0013   -0.14      0.16    
   0.005    -0.14      0.083   
   0.00035  -0.13      0.15    
  -0.0037   -0.15      0.15    

XQUAT
   1         0         0         0       
   1         0         0         0       
   0.71     -0.71      0         0       
   0.71     -0.71      0.0033    0.0033  
  -0.0088   -1        -4.2e-05   0.0047  
  -0.0092   -1         0.082     0.004   
  -0.013    -1         0.081    -0.04    
  -0.013    -1         0.071    -0.04    
  -0.098    -0.99      0.074    -0.034   
  -0.1      -0.99      0.071    -0.067   
  -0.1      -0.99      0.071    -0.067   
  -0.1      -0.99      0.071    -0.067   
  -0.1      -0.99      0.071    -0.067   
  -0.1      -0.99      0.071    -0.067   
  -0.1      -0.99      0.071    -0.067   
   0.71      0.71      0         0       
   0.71      0.71      0.023    -0.023   
  -0.016     1        -0.00052  -0.032   
  -0.015     1        -0.027    -0.033   
  -0.014     1        -0.028     0.0084  
  -0.015     0.99     -0.13      0.0068  
  -0.0073    0.99     -0.13      0.0058  
  -0.0028    0.99     -0.13      0.039   
  -0.0028    0.99     -0.13      0.039   
  -0.0028    0.99     -0.13      0.039   
  -0.0028    0.99     -0.13      0.039   
  -0.0028    0.99     -0.13      0.039   
  -0.0028    0.99     -0.13      0.039   

XMAT
   1         0         0         0         1         0         0         0         1       
   1         0         0         0         1         0         0         0         1       
   1        -0         0         0        -3.7e-06   1        -0        -1        -3.7e-06 
   1        -0.0094    8.7e-19  -3.5e-08  -3.7e-06   1        -0.0094   -1        -3.7e-06 
   1         0.00017  -0.0094   -3.5e-08  -1        -0.018    -0.0094    0.018    -1       
   0.99     -0.16     -0.0094   -0.16     -0.99     -0.018    -0.0064    0.019    -1       
   0.98     -0.16      0.078    -0.16     -0.99     -0.032     0.082     0.019    -1       
   0.99     -0.14      0.078    -0.14     -0.99     -0.032     0.081     0.021    -1       
   0.99     -0.15      0.052    -0.14     -0.97     -0.2       0.081     0.19     -0.98    
   0.98     -0.15      0.12     -0.13     -0.97     -0.21      0.15      0.19     -0.97    
   0.98     -0.15      0.12     -0.13     -0.97     -0.21      0.15      0.19     -0.97    
   0.98     -0.15      0.12     -0.13     -0.97     -0.21      0.15      0.19     -0.97    
   0.98     -0.15      0.12     -0.13     -0.97     -0.21      0.15      0.19     -0.97    
   0.98     -0.15      0.12     -0.13     -0.97     -0.21      0.15      0.19     -0.97    
   0.98     -0.15      0.12     -0.13     -0.97     -0.21      0.15      0.19     -0.97    
   1         0         0         0        -3.7e-06  -1         0         1        -3.7e-06 
   1         0.064     0         2.4e-07  -3.7e-06  -1        -0.064     1        -3.7e-06 
   1        -0.0021   -0.064     2.4e-07  -1         0.032    -0.064    -0.032    -1       
   1        -0.055    -0.064    -0.053    -1         0.032    -0.066    -0.029    -1       
   1        -0.055     0.018    -0.055    -1         0.028     0.016    -0.029    -1       
   0.97     -0.26      0.018    -0.26     -0.96      0.028     0.0096   -0.032    -1       
   0.97     -0.26      0.013    -0.26     -0.97      0.013     0.0096   -0.016    -1       
   0.96     -0.26      0.079    -0.26     -0.97     -0.0048    0.077    -0.016    -1       
   0.96     -0.26      0.079    -0.26     -0.97     -0.0048    0.077    -0.016    -1       
   0.96     -0.26      0.079    -0.26     -0.97     -0.0048    0.077    -0.016    -1       
   0.96     -0.26      0.079    -0.26     -0.97     -0.0048    0.077    -0.016    -1       
   0.96     -0.26      0.079    -0.26     -0.97     -0.0048    0.077    -0.016    -1       
   0.96     -0.26      0.079    -0.26     -0.97     -0.0048    0.077    -0.016    -1       

XIPOS
   0         0         0       
   0         0         0       
  -0.00095   0.062     0.7     
   0.0011    0.15      0.7     
  -0.022     0.15      0.67    
  -0.0036    0.15      0.54    
  -0.00021   0.15      0.41    
   0.0055    0.14      0.34    
   0.015     0.14      0.26    
   0.025     0.15      0.19    
   0.0084    0.1       0.27    
   0.028     0.12      0.16    
   0.046     0.093     0.0095  
   0.044     0.16      0.12    
   0.03      0.066     0.14    
  -0.00095  -0.062     0.7     
   0.0011   -0.15      0.7     
  -0.024    -0.15      0.67    
  -0.012    -0.15      0.54    
  -0.016    -0.15      0.42    
  -0.015    -0.14      0.34    
  -0.01     -0.14      0.26    
  -0.00043  -0.12      0.2     
  -0.021    -0.18      0.26    
  -0.001    -0.14      0.15    
   0.011    -0.14      0.0035  
   0.013    -0.12      0.13    
  -0.0002   -0.17      0.13    

XIMAT
   1         0         0         0         1         0         0         0         1       
   1         0         0         0         1         0         0         0         1       
   1        -0         0         0        -3.7e-06   1        -0        -1        -3.7e-06 
   1        -0.0094    8.7e-19  -3.5e-08  -3.7e-06   1        -0.0094   -1        -3.7e-06 
   1         0.00017  -0.0094   -3.5e-08  -1        -0.018    -0.0094    0.018    -1       
   0.99     -0.16     -0.0094   -0.16     -0.99     -0.018    -0.0064    0.019    -1       
   0.98     -0.16      0.078    -0.16     -0.99     -0.032     0.082     0.019    -1       
   0.99     -0.14      0.078    -0.14     -0.99     -0.032     0.081     0.021    -1       
   0.99     -0.15      0.052    -0.14     -0.97     -0.2       0.081     0.19     -0.98    
   0.98     -0.15      0.12     -0.13     -0.97     -0.21      0.15      0.19     -0.97    
   0.98     -0.15      0.12     -0.13     -0.97     -0.21      0.15      0.19     -0.97    
   0.98     -0.15      0.12     -0.13     -0.97     -0.21      0.15      0.19     -0.97    
   0.98     -0.15      0.12     -0.13     -0.97     -0.21      0.15      0.19     -0.97    
   0.98     -0.15      0.12     -0.13     -0.97     -0.21      0.15      0.19     -0.97    
   0.98     -0.15      0.12     -0.13     -0.97     -0.21      0.15      0.19     -0.97    
   1         0         0         0        -3.7e-06  -1         0         1        -3.7e-06 
   1         0.064     0         2.4e-07  -3.7e-06  -1        -0.064     1        -3.7e-06 
   1        -0.0021   -0.064     2.4e-07  -1         0.032    -0.064    -0.032    -1       
   1        -0.055    -0.064    -0.053    -1         0.032    -0.066    -0.029    -1       
   1        -0.055     0.018    -0.055    -1         0.028     0.016    -0.029    -1       
   0.97     -0.26      0.018    -0.26     -0.96      0.028     0.0096   -0.032    -1       
   0.97     -0.26      0.013    -0.26     -0.97      0.013     0.0096   -0.016    -1       
   0.96     -0.26      0.079    -0.26     -0.97     -0.0048    0.077    -0.016    -1       
   0.96     -0.26      0.079    -0.26     -0.97     -0.0048    0.077    -0.016    -1       
   0.96     -0.26      0.079    -0.26     -0.97     -0.0048    0.077    -0.016    -1       
   0.96     -0.26      0.079    -0.26     -0.97     -0.0048    0.077    -0.016    -1       
   0.96     -0.26      0.079    -0.26     -0.97     -0.0048    0.077    -0.016    -1       
   0.96     -0.26      0.079    -0.26     -0.97     -0.0048    0.077    -0.016    -1       

XANCHOR
   0         0.093     0.7     
  -0.03      0.15      0.7     
  -0.00062   0.15      0.63    
  -0.0072    0.12      0.48    
   0.0053    0.15      0.38    
   0.052     0.14      0.27    
   0.015     0.14      0.26    
   0.029     0.12      0.15    
   0.027     0.11      0.15    
   0        -0.093     0.7     
  -0.03     -0.15      0.7     
  -0.0043   -0.15      0.63    
  -0.016    -0.18      0.48    
  -0.012    -0.14      0.38    
   0.026    -0.15      0.26    
  -0.01     -0.14      0.26    
  -0.00011  -0.14      0.15    
  -0.0032   -0.15      0.15    

XAXIS
   0         1        -3.7e-06 
  -1         3.5e-08   0.0094  
  -0.0094   -0.018    -1       
  -0.16     -0.99      0.019   
   0.078    -0.032    -1       
   0.99     -0.14      0.081   
   0.15      0.97     -0.19    
   0.15      0.97     -0.19    
  -0.15     -0.97      0.19    
   0        -1        -3.7e-06 
  -1        -2.4e-07   0.064   
  -0.064     0.032    -1       
  -0.055    -1        -0.029   
   0.018     0.028    -1       
   0.97     -0.26      0.0096  
  -0.26     -0.97     -0.016   
   0.26      0.97      0.016   
  -0.26     -0.97     -0.016   

GEOM_XPOS
   2.7e-12  -5.1e-12   0.38    
   0.015     0.034     0.054   
  -0.052     4.1e-07   0.046   
  -0.00083  -0.00087   0.024   
   2.7e-12  -5.1e-12   0.38    
  -0.011     1.1e-08   0.047   
  -0.014     3.7e-08   0.69    
  -0.0016    0.06      0.7     
  -0.0029    0.054     0.7     
   0.00027   0.058     0.7     
   0.012     0.14      0.7     
   0.028     0.15      0.7     
   0.00019   0.15      0.7     
   0.016     0.13      0.7     
  -0.023     0.15      0.67    
  -0.01      0.18      0.64    
  -0.019     0.15      0.66    
  -0.024     0.15      0.68    
  -0.0078    0.15      0.56    
  -0.0021    0.15      0.53    
  -0.013     0.15      0.57    
  -0.0031    0.15      0.55    
  -0.0051    0.15      0.43    
   0.0028    0.15      0.41    
  -0.0022    0.15      0.43    
  -0.0062    0.15      0.41    
   0.0087    0.15      0.34    
   0.0023    0.15      0.34    
   0.011     0.14      0.32    
   0.0069    0.14      0.35    
   0.015     0.14      0.26    
   0.014     0.14      0.26    
   0.016     0.14      0.26    
   0.022     0.14      0.21    
   0.022     0.14      0.21    
   0.022     0.13      0.2     
   0.027     0.12      0.16    
   0.028     0.12      0.15    
   0.027     0.12      0.16    
   0.04      0.15      0.12    
   0.035     0.16      0.14    
   0.037     0.15      0.12    
   0.027     0.072     0.14    
   0.021     0.075     0.16    
   0.025     0.073     0.14    
  -0.0016   -0.06      0.7     
  -0.0029   -0.054     0.7     
   0.00027  -0.058     0.7     
   0.012    -0.14      0.7     
   0.028    -0.15      0.7     
   0.0002   -0.15      0.7     
   0.016    -0.13      0.7     
  -0.024    -0.15      0.67    
  -0.013    -0.13      0.64    
  -0.021    -0.15      0.66    
  -0.025    -0.15      0.68    
  -0.016    -0.15      0.56    
  -0.011    -0.15      0.53    
  -0.02     -0.15      0.57    
  -0.012    -0.15      0.55    
  -0.02     -0.14      0.43    
  -0.013    -0.14      0.41    
  -0.017    -0.15      0.43    
  -0.022    -0.14      0.42    
  -0.012    -0.14      0.34    
  -0.018    -0.14      0.34    
  -0.011    -0.14      0.32    
  -0.013    -0.14      0.35    
  -0.01     -0.14      0.26    
  -0.01     -0.14      0.26    
  -0.0095   -0.14      0.26    
  -0.007    -0.15      0.2     
  -0.0083   -0.15      0.21    
  -0.0052   -0.14      0.2     
  -0.0025   -0.14      0.16    
  -0.0017   -0.14      0.15    
  -0.0023   -0.14      0.16    
   0.0076   -0.12      0.13    
   0.0038   -0.12      0.15    
   0.005    -0.13      0.12    
  -0.0025   -0.16      0.13    
  -0.007    -0.16      0.15    
  -0.0044   -0.16      0.12    

GEOM_XMAT
   0        -1         0         1         0         0         0         0         1       
   1         0         0         0         0        -1         0         1         0       
  -1.3e-05   0.54      0.84      1         1.5e-05   5.4e-06  -9.9e-06   0.84     -0.54    
   0.92     -0.4       0.011     0.019     0.017    -1         0.4       0.92      0.023   
   0        -1         0         1         0         0         0         0         1       
   0.99      9.3e-06  -0.13     -9e-06     1         3.5e-06   0.13     -2.2e-06   0.99    
  -0.00025  -0.93      0.38      1        -0.00028  -1.7e-05   0.00012   0.38      0.93    
  -0.15     -0.99      2.5e-17   0.99     -0.15      3.7e-06  -3.6e-06   5.6e-07   1       
  -0.43     -0.9      -0.046     0.9      -0.42     -0.087     0.059    -0.079     1       
   0.02      0.58      0.81      1        -0.014    -0.015     0.0024    0.81     -0.58    
   0.96     -0.003     0.29     -0.29     -0.0017    0.96     -0.0024   -1        -0.0024  
   0.9      -0.0094    0.43     -0.43      2.2e-05   0.9      -0.0085   -1        -0.0041  
   1        -0.039    -0.0052    0.039     1        -0.0018    0.0053    0.0016    1       
   0.86     -0.018     0.51     -0.51      0.0094    0.86     -0.02     -1        -0.0011  
   0.91     -0.002     0.42      0.0054   -1        -0.016     0.42      0.017    -0.91    
   0.068    -0.1       0.99     -1        -0.018     0.066     0.011    -0.99     -0.1     
   0.64     -0.62      0.46     -0.68     -0.73     -0.032     0.35     -0.29     -0.89    
   0.88      0.0065    0.48      0.013    -1        -0.01      0.48      0.015    -0.88    
  -0.16     -0.99     -0.022    -0.99      0.16     -0.016     0.019     0.019    -1       
   0.99     -0.1      -0.013    -0.1      -0.99     -0.038    -0.0086    0.039    -1       
  -0.16     -0.92     -0.34     -0.99      0.16      0.039     0.019     0.35     -0.94    
   0.96     -0.28     -0.063    -0.28     -0.96      0.1      -0.089    -0.079    -0.99    
   0.98     -0.16      0.14     -0.16     -0.99     -0.041     0.14      0.018    -0.99    
   0.065    -0.99      0.12     -0.019     0.11      0.99     -1        -0.066    -0.011   
   0.98     -0.11      0.16     -0.14     -0.98      0.15      0.14     -0.17     -0.98    
  -0.19      0.16      0.97      0.012     0.99     -0.16     -0.98     -0.02     -0.19    
  -0.14     -0.99      0.073    -0.99      0.14     -0.032     0.021    -0.077    -1       
   0.99     -0.13      0.092    -0.16     -0.86      0.48      0.018    -0.49     -0.87    
  -0.21     -0.98     -0.0014   -0.98      0.21     -0.027     0.027    -0.0042   -1       
   0.18     -0.98     -0.11      0.19     -0.077     0.98     -0.97     -0.19      0.17    
   0.052     0.65      0.76     -0.2       0.75     -0.63     -0.98     -0.12      0.17    
  -0.044     0.31      0.95     -0.99     -0.16      0.0078    0.16     -0.94      0.31    
   0.051    -0.98     -0.21     -0.19     -0.22      0.96     -0.98     -0.0098   -0.19    
   0.98     -0.19      0.043    -0.13     -0.79     -0.6       0.15      0.58     -0.8     
   0.98     -0.2       0.062    -0.14     -0.85     -0.51      0.15      0.49     -0.86    
   0.13      0.15      0.98     -0.21      0.97     -0.12     -0.97     -0.19      0.16    
   0.12     -0.98      0.15     -0.21      0.13      0.97     -0.97     -0.15     -0.19    
   0.12     -0.98      0.15     -0.21      0.13      0.97     -0.97     -0.15     -0.19    
   0.12     -0.98      0.15     -0.21      0.13      0.97     -0.97     -0.15     -0.19    
  -0.24     -0.96     -0.12     -0.87      0.27     -0.42      0.44      0.0047   -0.9     
   0.11     -0.98      0.16     -0.24      0.13      0.96     -0.97     -0.15     -0.22    
  -0.18     -0.98      0.094    -0.91      0.13     -0.4       0.38     -0.16     -0.91    
  -0.059    -1        -0.042    -1         0.056     0.074    -0.071     0.046    -1       
   0.12     -0.98      0.15     -0.18      0.13      0.97     -0.98     -0.15     -0.16    
  -0.12     -0.98      0.16     -0.99      0.12     -0.0073   -0.012    -0.16     -0.99    
  -0.15     -0.99     -5.4e-17  -0.99      0.15      3.7e-06  -3.6e-06   5.6e-07  -1       
  -0.43     -0.9      -0.046    -0.9       0.42      0.087    -0.059     0.079    -1       
   0.02      0.58      0.81     -1         0.014     0.015    -0.0024   -0.81      0.58    
   0.96      0.058     0.29      0.29     -0.0017   -0.96     -0.055     1        -0.018   
   0.9       0.064     0.43      0.43     -2.9e-05  -0.9      -0.058     1        -0.028   
   1        -0.039    -0.079    -0.039    -1         0.0018   -0.079     0.0013   -1       
   0.86      0.056     0.51      0.51     -0.0094   -0.86     -0.043     1        -0.037   
   0.93      0.00014   0.37     -0.012    -1         0.029     0.37     -0.032    -0.93    
   0.065    -0.15      0.99     -1         0.032     0.071    -0.043    -0.99     -0.15    
   0.66     -0.63      0.41     -0.7      -0.71      0.012     0.28     -0.29     -0.91    
   0.9       0.0041    0.43     -0.011    -1         0.033     0.43     -0.035    -0.9     
  -0.055    -1        -0.077    -1         0.052     0.033    -0.029     0.079    -1       
   1         0.0076   -0.065     0.0084   -1         0.012    -0.065    -0.012    -1       
  -0.055    -0.92     -0.4      -1         0.039     0.048    -0.029     0.4      -0.92    
   0.97     -0.18     -0.13     -0.17     -0.98      0.14     -0.15     -0.12     -0.98    
   1        -0.055     0.079    -0.057    -1         0.025     0.078    -0.03     -1       
   0.0032   -1         0.0078    0.039     0.008     1        -1        -0.0029    0.039   
   1        -0.017     0.085    -0.035    -0.98      0.21      0.079    -0.22     -0.97    
  -0.26      0.055     0.96      0.041     1        -0.046    -0.97      0.028    -0.26    
  -0.26     -0.97      0.014    -0.96      0.26      0.029    -0.032    -0.0054   -1       
   0.96     -0.26      0.1      -0.27     -0.81      0.53     -0.054    -0.53     -0.84    
  -0.32     -0.94     -0.06     -0.95      0.32      0.042    -0.021     0.071    -1       
   0.14     -0.99      0.018     0.23      0.052     0.97     -0.96     -0.13      0.24    
   0.013    -0.29      0.96      0.013     0.96      0.29     -1         0.0087    0.016   
  -0.36      0.24      0.9      -0.93     -0.12     -0.35      0.023    -0.96      0.27    
   0.0076   -0.81      0.59      0.0017    0.59      0.81     -1        -0.0052    0.0059  
   0.96     -0.2       0.18     -0.26     -0.88      0.4       0.077    -0.43     -0.9     
   0.96     -0.21      0.16     -0.25     -0.92      0.31      0.081    -0.34     -0.94    
   0.09      0.26      0.96     -0.0079    0.97     -0.26     -1         0.016     0.089   
   0.079    -0.96      0.26     -0.0048    0.26      0.97     -1        -0.077     0.016   
   0.079    -0.96      0.26     -0.0048    0.26      0.97     -1        -0.077     0.016   
   0.079    -0.96      0.26     -0.0048    0.26      0.97     -1        -0.077     0.016   
  -0.33     -0.93     -0.18     -0.91      0.36     -0.2       0.25      0.099    -0.96    
   0.072    -0.96      0.26     -0.031     0.26      0.96     -1        -0.077    -0.011   
  -0.27     -0.96      0.033    -0.94      0.26     -0.2       0.19     -0.088    -0.98    
  -0.17     -0.98     -0.048    -0.94      0.15      0.29     -0.28      0.096    -0.96    
   0.086    -0.96      0.26      0.022     0.26      0.96     -1        -0.077     0.043   
  -0.24     -0.96      0.14     -0.95      0.26      0.19     -0.22     -0.088    -0.97    

SITE_XPOS
   0         0         0       

SITE_XMAT
   1         0         0         0         1         0         0         0         1       

CAM_XPOS
   0         2         0.5     
  -2         0         0.5     

CAM_XMAT
  -1        -2.5e-32   1.2e-16   1.2e-16  -2.2e-16   1         0         1         2.2e-16 
  -2.2e-16   2.2e-16  -1        -1         0         2.2e-16   0         1         2.2e-16 

SUBTREE_COM
  -0.00092   0.0004    0.24    
  -0.00092   0.0004    0.24    
   0.0032    0.13      0.51    
   0.0042    0.15      0.47    
   0.0051    0.15      0.4     
   0.0072    0.15      0.37    
   0.012     0.14      0.3     
   0.016     0.14      0.26    
   0.022     0.14      0.21    
   0.027     0.14      0.18    
   0.031     0.12      0.15    
   0.031     0.12      0.15    
   0.046     0.093     0.0095  
   0.044     0.16      0.12    
   0.03      0.066     0.14    
  -0.0072   -0.13      0.51    
  -0.0086   -0.14      0.47    
  -0.012    -0.14      0.4     
  -0.011    -0.14      0.37    
  -0.0099   -0.14      0.3     
  -0.0078   -0.14      0.26    
  -0.004    -0.13      0.21    
   0.00014  -0.13      0.18    
   0.0013   -0.14      0.14    
   0.0013   -0.14      0.14    
   0.011    -0.14      0.0035  
   0.013    -0.12      0.13    
  -0.0002   -0.17      0.13    

CDOF
   0         1        -3.7e-06  -0.46      3.4e-09   0.00092 
  -1         3.5e-08   0.0094    0.0014   -0.46      0.15    
  -0.0094   -0.018    -1        -0.14     -0.0034    0.0014  
  -0.16     -0.99      0.019     0.24     -0.039     0.025   
   0.078    -0.032    -1        -0.14      0.018    -0.012   
   0.99     -0.14      0.081     0.015     0.024    -0.14    
   0.15      0.97     -0.19     -0.052     0.0069   -0.0068  
   0         0         0         0.15      0.97     -0.19    
   0         0         0        -0.15     -0.97      0.19    
   0        -1        -3.7e-06   0.46      3.4e-09  -0.00092 
  -1        -2.4e-07   0.064    -0.0099   -0.46     -0.15    
  -0.064     0.032    -1         0.14     -0.029    -0.0099  
  -0.055    -1        -0.029     0.24     -0.014     0.0051  
   0.018     0.028    -1         0.14     -0.009     0.0022  
   0.97     -0.26      0.0096    0.0053    0.025     0.14    
  -0.26     -0.97     -0.016     0.027    -0.0068   -0.028   
   0         0         0         0.26      0.97      0.016   
   0         0         0        -0.26     -0.97     -0.016   

CINERT
   0         0         0         0         0         0         0         0         0         0       
   2.4       2.4       0.051     5.1e-06   0.003    -0.0013    0.013    -0.0056   -3.3       14      
   0.25      0.24      0.0053    1.7e-06   1.2e-05  -0.032    -2.7e-05   0.07      0.53      1.1     
   0.27      0.24      0.026    -0.00035  -0.0011   -0.077     0.0024    0.17      0.53      1.1     
   0.058     0.051     0.0068    0.00089   0.0025   -0.018    -0.0059    0.042     0.12      0.28    
   0.13      0.1       0.025     0.00043   0.00085  -0.049    -0.0029    0.16      0.33      1.1     
   0.035     0.021     0.015    -0.0001   -4.4e-05  -0.016     0.00046   0.093     0.11      0.63    
   0.02      0.0069    0.013    -0.00057  -0.0004   -0.0091    0.004     0.089     0.063     0.62    
   0.01      0.00059   0.0099   -0.0011   -0.00019  -0.0017    0.0076    0.067     0.012     0.48    
   0.011     0.0017    0.011    -0.0018    0.00056   0.0028    0.012     0.068    -0.02      0.47    
   0         0         0         0         0         0         0         0         0         0       
   0.0033    0.0014    0.0025   -0.00051   0.00034   0.0015    0.0043    0.018    -0.012     0.15    
   0         0         0         0         0         0         0         0        -0         0       
   0.0014    0.00056   0.00096  -0.00026   0.00019   0.00065   0.0016    0.0057   -0.0042    0.036   
   0.0005    0.00038   0.00019  -7.2e-05   0.00011   0.00023   0.0011    0.0024   -0.0035    0.036   
   0.25      0.24      0.0054   -1.7e-06   1.2e-05   0.033    -2.7e-05  -0.071     0.53      1.1     
   0.27      0.24      0.026     0.00035  -0.0011    0.078     0.0024   -0.17      0.53      1.1     
   0.058     0.052     0.0069   -0.00097   0.0027    0.018    -0.0063   -0.042     0.12      0.28    
   0.13      0.11      0.025    -0.0018    0.0034    0.049    -0.012    -0.16      0.33      1.1     
   0.035     0.022     0.015    -0.0014    0.0017    0.016    -0.0096   -0.093     0.11      0.63    
   0.019     0.007     0.013    -0.0012    0.00088   0.009    -0.0086   -0.088     0.063     0.62    
   0.0099    0.0005    0.0097   -0.00061   0.00011   0.0017   -0.0044   -0.067     0.012     0.48    
   0.0086    0.0013    0.0075   -7.1e-06   3.2e-05  -0.0024    0.00023  -0.058    -0.019     0.47    
   0         0         0         0         0         0        -0        -0         0         0       
   0.0041    0.0013    0.0031    3.6e-05  -6.1e-06  -0.0018   -1.4e-05  -0.021    -0.013     0.15    
   0         0         0         0         0         0         0        -0        -0         0       
   0.00097   0.00045   0.00053   5.9e-05   5.4e-05  -0.00048   0.00049  -0.0043   -0.004     0.036   
   0.0015    0.00045   0.001     4.4e-06   3e-06    -0.00068   2.6e-05  -0.0061   -0.004     0.036   

TEN_LENGTH
   0.0018  
   0.024   

TEN_MOMENT
   0         0         0         0         0         0         0         0         0         0         0         0         0         0         0         0         0.5       0.5     
   0         0         0         0         0         0         0         0.5       0.5       0         0         0         0         0         0         0         0         0       

TENDON 0: 0 wrap points

TENDON 1: 0 wrap points

ACTUATOR_LENGTH
   0.0094  
   0.018   
   0.16    
   0.088   
  -0.02    
  -0.17    
  -0.067   
   0.024   
   0.024   
  -0.064   
  -0.032   
   0.053   
   0.082   
   0.21    
  -0.016   
   0.068   
   0.0018  
   0.0018  

ACTUATOR_MOMENT
   1         0         0         0         0         0         0         0         0         0         0         0         0         0         0         0         0         0       
   0         1         0         0         0         0         0         0         0         0         0         0         0         0         0         0         0         0       
   0         0         1         0         0         0         0         0         0         0         0         0         0         0         0         0         0         0       
   0         0         0         1         0         0         0         0         0         0         0         0         0         0         0         0         0         0       
   0         0         0         0         1         0         0         0         0         0         0         0         0         0         0         0         0         0       
   0         0         0         0         0         1         0         0         0         0         0         0         0         0         0         0         0         0       
   0         0         0         0         0         0         1         0         0         0         0         0         0         0         0         0         0         0       
   0         0         0         0         0         0         0         1         0         0         0         0         0         0         0         0         0         0       
   0         0         0         0         0         0         0         0         1         0         0         0         0         0         0         0         0         0       
   0         0         0         0         0         0         0         0         0         1         0         0         0         0         0         0         0         0       
   0         0         0         0         0         0         0         0         0         0         1         0         0         0         0         0         0         0       
   0         0         0         0         0         0         0         0         0         0         0         1         0         0         0         0         0         0       
   0         0         0         0         0         0         0         0         0         0         0         0         1         0         0         0         0         0       
   0         0         0         0         0         0         0         0         0         0         0         0         0         1         0         0         0         0       
   0         0         0         0         0         0         0         0         0         0         0         0         0         0         1         0         0         0       
   0         0         0         0         0         0         0         0         0         0         0         0         0         0         0         1         0         0       
   0         0         0         0         0         0         0         0         0         0         0         0         0         0         0         0         1         0       
   0         0         0         0         0         0         0         0         0         0         0         0         0         0         0         0         0         1       

CRB
   0         0         0         0         0         0         0         0         0         0       
   4         3.8       0.28     -0.0089    0.014    -0.00066   1e-17    -1.1e-16  -4.4e-16   26      
   0.78      0.68      0.11     -0.0034    0.0028   -0.2       0.025     0.79      1.6       6.1     
   0.54      0.43      0.11     -0.0034    0.0028   -0.17      0.025     0.71      1.1       4.9     
   0.27      0.19      0.084    -0.0031    0.0039   -0.09      0.023     0.55      0.6       3.8     
   0.21      0.14      0.077    -0.0039    0.0014   -0.072     0.028     0.5       0.48      3.5     
   0.081     0.033     0.052    -0.0044    0.00056  -0.022     0.031     0.34      0.15      2.4     
   0.046     0.011     0.037    -0.0043    0.0006   -0.0056    0.031     0.25      0.035     1.8     
   0.027     0.0046    0.024    -0.0037    0.001     0.0035    0.027     0.16     -0.028     1.2     
   0.017     0.004     0.014    -0.0026    0.0012    0.0052    0.019     0.094    -0.04      0.69    
   0.0052    0.0023    0.0037   -0.00084   0.00064   0.0024    0.0071    0.026    -0.02      0.22    
   0.0052    0.0023    0.0037   -0.00084   0.00064   0.0024    0.0071    0.026    -0.02      0.22    
   0         0         0         0         0         0         0         0        -0         0       
   0.0014    0.00056   0.00096  -0.00026   0.00019   0.00065   0.0016    0.0057   -0.0042    0.036   
   0.0005    0.00038   0.00019  -7.2e-05   0.00011   0.00023   0.0011    0.0024   -0.0035    0.036   
   0.78      0.68      0.11     -0.0056    0.0078    0.2      -0.038    -0.78      1.6       6.1     
   0.54      0.43      0.11     -0.0055    0.0078    0.17     -0.038    -0.71      1.1       4.9     
   0.27      0.19      0.081    -0.0059    0.0089    0.089    -0.04     -0.54      0.6       3.8     
   0.21      0.14      0.074    -0.0049    0.0062    0.071    -0.034    -0.5       0.48      3.5     
   0.08      0.033     0.05     -0.0031    0.0028    0.022    -0.022    -0.34      0.15      2.4     
   0.044     0.011     0.035    -0.0017    0.0011    0.0055   -0.012    -0.24      0.036     1.8     
   0.025     0.004     0.022    -0.00052   0.00019  -0.0036   -0.0036   -0.16     -0.028     1.2     
   0.015     0.0035    0.012     9.2e-05   8.4e-05  -0.0053    0.00073  -0.089    -0.04      0.69    
   0.0065    0.0022    0.0046    0.0001    5.1e-05  -0.0029    0.0005   -0.031    -0.021     0.22    
   0.0065    0.0022    0.0046    0.0001    5.1e-05  -0.0029    0.0005   -0.031    -0.021     0.22    
   0         0         0         0         0         0         0        -0        -0         0       
   0.00097   0.00045   0.00053   5.9e-05   5.4e-05  -0.00048   0.00049  -0.0043   -0.004     0.036   
   0.0015    0.00045   0.001     4.4e-06   3e-06    -0.00068   2.6e-05  -0.0061   -0.004     0.036   

QM
   0.44     -0.00048   0.0043   -0.19      0.0014   -0.0045    0.031    -0.0029    0.0029    0         0         0         0         0         0         0         0         0       
  -0.00048   0.44      0.018     0.032     0.0014   -0.031    -0.0041   -0.02      0.02      0         0         0         0         0         0         0         0         0       
   0.0043    0.018     0.004    -0.00075   0.0014   -0.0021    0.0005   -0.0017    0.0017    0         0         0         0         0         0         0         0         0       
  -0.19      0.032    -0.00075   0.1      -0.0007   -0.00042  -0.018    -0.00035   0.00035   0         0         0         0         0         0         0         0         0       
   0.0014    0.0014    0.0014   -0.0007    0.0013   -0.00043   0.00046  -0.00055   0.00055   0         0         0         0         0         0         0         0         0       
  -0.0045   -0.031    -0.0021   -0.00042  -0.00043   0.0064   -3.8e-05   0.0049   -0.0049    0         0         0         0         0         0         0         0         0       
   0.031    -0.0041    0.0005   -0.018     0.00046  -3.8e-05   0.006     5.4e-20   5.4e-20   0         0         0         0         0         0         0         0         0       
  -0.0029   -0.02     -0.0017   -0.00035  -0.00055   0.0049    5.4e-20   0.036     0         0         0         0         0         0         0         0         0         0       
   0.0029    0.02      0.0017    0.00035   0.00055  -0.0049    5.4e-20   0         0.036     0         0         0         0         0         0         0         0         0       
   0         0         0         0         0         0         0         0         0         0.44     -0.00072   0.0017    0.2       0.0029    0.008     0.03      0.0054   -0.0054  
   0         0         0         0         0         0         0         0         0        -0.00072   0.44      0.018     0.01      0.0025   -0.03      0.0079   -0.02      0.02    
   0         0         0         0         0         0         0         0         0         0.0017    0.018     0.0039    0.0017    0.0013   -0.0019    0.00078  -0.0016    0.0016  
   0         0         0         0         0         0         0         0         0         0.2       0.01      0.0017    0.1       0.0017    0.0039    0.018     0.0026   -0.0026  
   0         0         0         0         0         0         0         0         0         0.0029    0.0025    0.0013    0.0017    0.0012   -0.00043   0.00048  -0.00057   0.00057 
   0         0         0         0         0         0         0         0         0         0.008    -0.03     -0.0019    0.0039   -0.00043   0.0063    3.9e-05   0.0049   -0.0049  
   0         0         0         0         0         0         0         0         0         0.03      0.0079    0.00078   0.018     0.00048   3.9e-05   0.006     1.6e-19  -6e-19   
   0         0         0         0         0         0         0         0         0         0.0054   -0.02     -0.0016    0.0026   -0.00057   0.0049    1.6e-19   0.036     0       
   0         0         0         0         0         0         0         0         0        -0.0054    0.02      0.0016   -0.0026    0.00057  -0.0049   -6e-19     0         0.036   

QLD
   0.052     0.13      0.71     -2.2      -1        -0.69      5.1      -0.08      0.08      0         0         0         0         0         0         0         0         0       
   0.13      0.25      3.8       0.38     -0.24     -5.1      -0.68     -0.56      0.56      0         0         0         0         0         0         0         0         0       
   0.71      3.8       0.0021   -0.00056   0.99     -0.32      0.084    -0.046     0.046     0         0         0         0         0         0         0         0         0       
  -2.2       0.38     -0.00056   0.045     0.53     -0.087    -3.1      -0.0097    0.0097    0         0         0         0         0         0         0         0         0       
  -1        -0.24      0.99      0.53      0.0012   -0.055     0.076    -0.015     0.015     0         0         0         0         0         0         0         0         0       
  -0.69     -5.1      -0.32     -0.087    -0.055     0.0051   -0.0064    0.14     -0.14      0         0         0         0         0         0         0         0         0       
   5.1      -0.68      0.084    -3.1       0.076    -0.0064    0.006     1.5e-18   1.5e-18   0         0         0         0         0         0         0         0         0       
  -0.08     -0.56     -0.046    -0.0097   -0.015     0.14      1.5e-18   0.036     0         0         0         0         0         0         0         0         0         0       
   0.08      0.56      0.046     0.0097    0.015    -0.14      1.5e-18   0         0.036     0         0         0         0         0         0         0         0         0       
   0         0         0         0         0         0         0         0         0         0.051    -0.041    -0.33      2.3       0.95      1.3       5         0.15     -0.15    
   0         0         0         0         0         0         0         0         0        -0.041     0.25      3.6       0.11     -0.15     -5         1.3      -0.55      0.55    
   0         0         0         0         0         0         0         0         0        -0.33      3.6       0.0021   -0.0016    1        -0.3       0.13     -0.044     0.044   
   0         0         0         0         0         0         0         0         0         2.3       0.11     -0.0016    0.045     0.49      0.62      3         0.073    -0.073   
   0         0         0         0         0         0         0         0         0         0.95     -0.15      1         0.49      0.0011   -0.057     0.08     -0.016     0.016   
   0         0         0         0         0         0         0         0         0         1.3      -5        -0.3       0.62     -0.057     0.0049    0.0065    0.14     -0.14    
   0         0         0         0         0         0         0         0         0         5         1.3       0.13      3         0.08      0.0065    0.006     4.5e-18  -1.7e-17 
   0         0         0         0         0         0         0         0         0         0.15     -0.55     -0.044     0.073    -0.016     0.14      4.5e-18   0.036     0       
   0         0         0         0         0         0         0         0         0        -0.15      0.55      0.044    -0.073     0.016    -0.14     -1.7e-17   0         0.036   

QLDIAGINV
   19      
   4.1     
   4.8e+02 
   22      
   8.1e+02 
   2e+02   
   1.7e+02 
   28      
   28      
   20      
   3.9     
   4.9e+02 
   22      
   8.8e+02 
   2e+02   
   1.7e+02 
   28      
   28      

QLDIAGSQRTINV
   4.4     
   2       
   22      
   4.7     
   28      
   14      
   13      
   5.3     
   5.3     
   4.4     
   2       
   22      
   4.7     
   30      
   14      
   13      
   5.3     
   5.3     

D_rownnz              9 9 9 9 9 9 9 8 8 9 9 9 9 9 9 9 8 8

D_rowadr              0 9 18 27 36 45 54 63 71 79 88 97 106 115 124 133 142 150

D_colind              0 1 2 3 4 5 6 7 8 0 1 2 3 4 5 6 7 8 0 1 2 3 4 5 6 7 8 0 1 2 3 4 5 6 7 8 0 1 2 3 4 5 6 7 8 0 1 2 3 4 5 6 7 8 0 1 2 3 4 5 6 7 8 0 1 2 3 4 5 6 7 0 1 2 3 4 5 6 8 9 10 11 12 13 14 15 16 17 9 10 11 12 13 14 15 16 17 9 10 11 12 13 14 15 16 17 9 10 11 12 13 14 15 16 17 9 10 11 12 13 14 15 16 17 9 10 11 12 13 14 15 16 17 9 10 11 12 13 14 15 16 17 9 10 11 12 13 14 15 16 9 10 11 12 13 14 15 17

B_rownnz              18 18 9 9 9 9 9 9 9 9 9 9 7 8 8 9 9 9 9 9 9 9 9 9 9 7 8 8

B_rowadr              0 18 36 45 54 63 72 81 90 99 108 117 126 133 141 149 158 167 176 185 194 203 212 221 230 239 246 254

B_colind              0 1 2 3 4 5 6 7 8 9 10 11 12 13 14 15 16 17 0 1 2 3 4 5 6 7 8 9 10 11 12 13 14 15 16 17 0 1 2 3 4 5 6 7 8 0 1 2 3 4 5 6 7 8 0 1 2 3 4 5 6 7 8 0 1 2 3 4 5 6 7 8 0 1 2 3 4 5 6 7 8 0 1 2 3 4 5 6 7 8 0 1 2 3 4 5 6 7 8 0 1 2 3 4 5 6 7 8 0 1 2 3 4 5 6 7 8 0 1 2 3 4 5 6 7 8 0 1 2 3 4 5 6 0 1 2 3 4 5 6 7 0 1 2 3 4 5 6 8 9 10 11 12 13 14 15 16 17 9 10 11 12 13 14 15 16 17 9 10 11 12 13 14 15 16 17 9 10 11 12 13 14 15 16 17 9 10 11 12 13 14 15 16 17 9 10 11 12 13 14 15 16 17 9 10 11 12 13 14 15 16 17 9 10 11 12 13 14 15 16 17 9 10 11 12 13 14 15 16 17 9 10 11 12 13 14 15 16 17 9 10 11 12 13 14 15 9 10 11 12 13 14 15 16 9 10 11 12 13 14 15 17

QDERIV
   0         0         0         0         0         0         0         0         0         0         0         0         0         0         0         0         0         0       
   0         0         0         0         0         0         0         0         0         0         0         0         0         0         0         0         0         0       
   0         0         0         0         0         0         0         0         0         0         0         0         0         0         0         0         0         0       
   0         0         0         0         0         0         0         0         0         0         0         0         0         0         0         0         0         0       
   0         0         0         0         0         0         0         0         0         0         0         0         0         0         0         0         0         0       
   0         0         0         0         0         0         0         0         0         0         0         0         0         0         0         0         0         0       
   0         0         0         0         0         0         0         0         0         0         0         0         0         0         0         0         0         0       
   0         0         0         0         0         0         0         0         0         0         0         0         0         0         0         0         0         0       
   0         0         0         0         0         0         0         0         0         0         0         0         0         0         0         0         0         0       
   0         0         0         0         0         0         0         0         0         0         0         0         0         0         0         0         0         0       
   0         0         0         0         0         0         0         0         0         0         0         0         0         0         0         0         0         0       
   0         0         0         0         0         0         0         0         0         0         0         0         0         0         0         0         0         0       
   0         0         0         0         0         0         0         0         0         0         0         0         0         0         0         0         0         0       
   0         0         0         0         0         0         0         0         0         0         0         0         0         0         0         0         0         0       
   0         0         0         0         0         0         0         0         0         0         0         0         0         0         0         0         0         0       
   0         0         0         0         0         0         0         0         0         0         0         0         0         0         0         0         0         0       
   0         0         0         0         0         0         0         0         0         0         0         0         0         0         0         0         0         0       
   0         0         0         0         0         0         0         0         0         0         0         0         0         0         0         0         0         0       

QLU
   0         0         0         0         0         0         0         0         0         0         0         0         0         0         0         0         0         0       
   0         0         0         0         0         0         0         0         0         0         0         0         0         0         0         0         0         0       
   0         0         0         0         0         0         0         0         0         0         0         0         0         0         0         0         0         0       
   0         0         0         0         0         0         0         0         0         0         0         0         0         0         0         0         0         0       
   0         0         0         0         0         0         0         0         0         0         0         0         0         0         0         0         0         0       
   0         0         0         0         0         0         0         0         0         0         0         0         0         0         0         0         0         0       
   0         0         0         0         0         0         0         0         0         0         0         0         0         0         0         0         0         0       
   0         0         0         0         0         0         0         0         0         0         0         0         0         0         0         0         0         0       
   0         0         0         0         0         0         0         0         0         0         0         0         0         0         0         0         0         0       
   0         0         0         0         0         0         0         0         0         0         0         0         0         0         0         0         0         0       
   0         0         0         0         0         0         0         0         0         0         0         0         0         0         0         0         0         0       
   0         0         0         0         0         0         0         0         0         0         0         0         0         0         0         0         0         0       
   0         0         0         0         0         0         0         0         0         0         0         0         0         0         0         0         0         0       
   0         0         0         0         0         0         0         0         0         0         0         0         0         0         0         0         0         0       
   0         0         0         0         0         0         0         0         0         0         0         0         0         0         0         0         0         0       
   0         0         0         0         0         0         0         0         0         0         0         0         0         0         0         0         0         0       
   0         0         0         0         0         0         0         0         0         0         0         0         0         0         0         0         0         0       
   0         0         0         0         0         0         0         0         0         0         0         0         0         0         0         0         0         0       

CONTACT
  0:
     dim           3
     gfev          77 -1 -1 -1 : 80 -1 -1 -1
     exclude       0
     efc_address   16
     solref         0.005     1       
     solimp         0.9       0.95      0.001     0.5       2       
     dist          -1e-05   
     includemargin  0       
     pos            0.0038   -0.14      0.068   
     frame         -0.26     -0.97     -0.016    -0.0042   -0.016     1        -0.97      0.26     -8.7e-19 
     friction       1         1         0.01      0.01      0.01    
     mu             1       

EFC_TYPE
  0
  0
  1
  1
  1
  1
  1
  1
  1
  1
  1
  1
  1
  1
  1
  1
  6
  6
  6
  6

EFC_ID
  0
  1
  0
  1
  2
  3
  4
  5
  6
  9
  10
  11
  12
  13
  14
  15
  0
  0
  0
  0

EFC_J
   0         0         0         0         0         0         0         0         0         0         0         0         0         0         0         0         1        -1       
   0         0         0         0         0         0         0         1        -1         0         0         0         0         0         0         0         0         0       
   1         0         0         0         0         0         0         0         0         0         0         0         0         0         0         0         0         0       
   0         1         0         0         0         0         0         0         0         0         0         0         0         0         0         0         0         0       
   0         0         1         0         0         0         0         0         0         0         0         0         0         0         0         0         0         0       
   0         0         0         1         0         0         0         0         0         0         0         0         0         0         0         0         0         0       
   0         0         0         0         1         0         0         0         0         0         0         0         0         0         0         0         0         0       
   0         0         0         0         0         1         0         0         0         0         0         0         0         0         0         0         0         0       
   0         0         0         0         0         0         1         0         0         0         0         0         0         0         0         0         0         0       
   0         0         0         0         0         0         0         0         0         1         0         0         0         0         0         0         0         0       
   0         0         0         0         0         0         0         0         0         0         1         0         0         0         0         0         0         0       
   0         0         0         0         0         0         0         0         0         0         0         1         0         0         0         0         0         0       
   0         0         0         0         0         0         0         0         0         0         0         0         1         0         0         0         0         0       
   0         0         0         0         0         0         0         0         0         0         0         0         0         1         0         0         0         0       
   0         0         0         0         0         0         0         0         0         0         0         0         0         0         1         0         0         0       
   0         0         0         0         0         0         0         0         0         0         0         0         0         0         0         1         0         0       
   0         0         0         0         0         0         0         0         0         0         0         0         0         0         0         0         1         1       
   0         0         0         0         0         0         0         0         0         0         0         0         0         0         0         0         1         1       
   0         0         0         0         0         0         0         0         0         0         0         0         0         0         0         0         1         1       
   0         0         0         0         0         0         0         0         0         0         0         0         0         0         0         0         1         1       

EFC_POS
   2.4e-06 
   3.5e-06 
   0       
   0       
   0       
   0       
   0       
   0       
   0       
   0       
   0       
   0       
   0       
   0       
   0       
   0       
  -1e-05   
  -1e-05   
  -1e-05   
  -1e-05   

EFC_MARGIN
   0       
   0       
   0       
   0       
   0       
   0       
   0       
   0       
   0       
   0       
   0       
   0       
   0       
   0       
   0       
   0       
   0       
   0       
   0       
   0       

EFC_FRICTIONLOSS
   0       
   0       
   0.1     
   0.1     
   0.1     
   0.1     
   0.1     
   0.1     
   0.1     
   0.1     
   0.1     
   0.1     
   0.1     
   0.1     
   0.1     
   0.1     
   0       
   0       
   0       
   0       

EFC_DIAGAPPROX
   63      
   63      
   20      
   3.5     
   5.6e+02 
   1.2e+02 
   1.5e+03 
   3e+02   
   4.4e+02 
   20      
   3.5     
   5.6e+02 
   1.2e+02 
   1.5e+03 
   3e+02   
   4.4e+02 
   85      
   85      
   85      
   85      

EFC_KBIP
   4.1e+04   4e+02     0.95      0.38    
   4.1e+04   4e+02     0.95      0.56    
   0         1.1e+02   0.9       0       
   0         1.1e+02   0.9       0       
   0         1.1e+02   0.9       0       
   0         1.1e+02   0.9       0       
   0         1.1e+02   0.9       0       
   0         1.1e+02   0.9       0       
   0         1.1e+02   0.9       0       
   0         1.1e+02   0.9       0       
   0         1.1e+02   0.9       0       
   0         1.1e+02   0.9       0       
   0         1.1e+02   0.9       0       
   0         1.1e+02   0.9       0       
   0         1.1e+02   0.9       0       
   0         1.1e+02   0.9       0       
   4.4e+04   4.2e+02   0.9      -2.1     
   4.4e+04   4.2e+02   0.9      -2.1     
   4.4e+04   4.2e+02   0.9      -2.1     
   4.4e+04   4.2e+02   0.9      -2.1     

EFC_D
   0.3     
   0.3     
   0.45    
   2.5     
   0.016   
   0.072   
   0.0062  
   0.03    
   0.02    
   0.45    
   2.5     
   0.016   
   0.072   
   0.0062  
   0.03    
   0.02    
   0.11    
   0.11    
   0.11    
   0.11    

EFC_R
   3.3     
   3.3     
   2.2     
   0.39    
   63      
   14      
   1.6e+02 
   33      
   49      
   2.2     
   0.39    
   63      
   14      
   1.6e+02 
   33      
   49      
   9.4     
   9.4     
   9.4     
   9.4     

TEN_VELOCITY
  -3.8e-07 
   0.0043  

ACTUATOR_VELOCITY
  -0.031   
   0.34    
  -0.11    
  -0.62    
  -0.95    
  -1       
  -0.63    
   0.0043  
   0.0043  
   0.018   
   0.0041  
   0.97    
   0.0012  
   0.28    
  -0.012   
  -0.61    
  -1.6e-05 
   1.5e-05 

CVEL
   0         0         0         0         0         0       
   0         0         0         0         0         0       
   0         0         0         0         0         0       
   0        -0.031     1.1e-07   0.014    -1.1e-10  -2.9e-05 
  -0.34     -0.031     0.0032    0.015    -0.16      0.052   
  -0.34     -0.029     0.11      0.03     -0.16      0.052   
  -0.24      0.58      0.098    -0.12     -0.13      0.036   
  -0.31      0.61      1         0.015    -0.15      0.047   
  -1.3       0.75      0.96      0.0003   -0.17      0.19    
  -1.4       0.14      1.1       0.033    -0.18      0.19    
  -1.4       0.14      1.1       0.033    -0.18      0.19    
  -1.4       0.14      1.1       0.033    -0.18      0.19    
  -1.4       0.14      1.1       0.033    -0.18      0.19    
  -1.4       0.14      1.1       0.034    -0.17      0.19    
  -1.4       0.14      1.1       0.032    -0.18      0.19    
   0         0         0         0         0         0       
   0        -0.018    -6.7e-08   0.0084    6.2e-11  -1.7e-05 
  -0.004    -0.018     0.00026   0.0083   -0.0019   -0.00064 
  -0.066     0.013    -0.96      0.14     -0.03     -0.01    
  -0.066     0.012    -0.96      0.14     -0.03     -0.01    
  -0.061     0.02     -1.2       0.18     -0.032    -0.0095  
  -0.073     0.023    -1.2       0.18     -0.032    -0.011   
   0.086     0.61     -1.2       0.17     -0.028     0.0056  
   0.086     0.61     -1.2       0.17     -0.028     0.0056  
   0.086     0.61     -1.2       0.17     -0.028     0.0056  
   0.086     0.61     -1.2       0.17     -0.028     0.0056  
   0.086     0.61     -1.2       0.17     -0.028     0.0056  
   0.086     0.61     -1.2       0.17     -0.028     0.0056  

CDOF_DOT
  -0         0         0         0         0         0       
  -0.00029  -1.1e-07  -0.031    -0.0048   -0.00011   4.5e-05 
   0.031    -0.34      0.0057    0.16      0.014    -0.0051  
   0.11     -0.011     0.33      0.052     0.026    -0.035   
  -0.57     -0.23     -0.037     0.12     -0.13      0.091   
   0.2       1.1      -0.56     -0.12      0.016     0.13    
  -1.1      -0.099    -1.4      -0.16     -0.029     0.057   
   0         0        -0        -1.1      -0.099    -1.4     
   0         0        -0         1.1       0.099     1.4     
   0         0        -0         0         0         0       
  -0.0012    6.7e-08  -0.018     0.0028   -0.00052  -0.00018 
   0.018    -0.0041   -0.0013    0.0021    0.0083    0.0028  
  -0.96      0.051     0.067    -0.022    -0.23     -0.15    
   0.015    -0.083    -0.0021    0.021     0.0076    0.0034  
  -0.33     -1.2      -0.0032    0.031    -0.009    -0.018   
  -1.2       0.32      0.076    -0.019    -0.029    -0.18    
   0        -0         0         1.2      -0.32     -0.076   
   0        -0         0        -1.2       0.32      0.076   

QFRC_BIAS
  -0.26    
   0.28    
   0.0039  
   0.4     
  -0.0032  
  -0.02    
  -0.1     
  -0.066   
   0.056   
  -0.42    
  -0.43    
  -0.016   
   0.085   
  -0.00095 
   0.098   
   0.046   
   0.012   
  -0.014   

QFRC_SPRING
   0       
   0       
   0       
   0       
   0       
   0       
   0       
  -0.012   
  -0.012   
   0       
   0       
   0       
   0       
   0       
   0       
   0       
  -0.00088 
  -0.00088 

QFRC_DAMPER
   0.012   
  -0.14    
   0.043   
   0.25    
   0.38    
   0.4     
   0.25    
  -0.0085  
  -0.0086  
  -0.0073  
  -0.0016  
  -0.39    
  -0.00048 
  -0.11    
   0.0047  
   0.24    
   3.1e-05 
  -3e-05   

QFRC_GRAVCOMP
   0       
   0       
   0       
   0       
   0       
   0       
   0       
   0       
   0       
   0       
   0       
   0       
   0       
   0       
   0       
   0       
   0       
   0       

QFRC_FLUID
   0       
   0       
   0       
   0       
   0       
   0       
   0       
   0       
   0       
   0       
   0       
   0       
   0       
   0       
   0       
   0       
   0       
   0       

QFRC_PASSIVE
   0.012   
  -0.14    
   0.043   
   0.25    
   0.38    
   0.4     
   0.25    
  -0.021   
  -0.021   
  -0.0073  
  -0.0016  
  -0.39    
  -0.00048 
  -0.11    
   0.0047  
   0.24    
  -0.00085 
  -0.00091 

EFC_VEL
  -3e-05   
  -2.8e-05 
  -0.031   
   0.34    
  -0.11    
  -0.62    
  -0.95    
  -1       
  -0.63    
   0.018   
   0.0041  
   0.97    
   0.0012  
   0.28    
  -0.012   
  -0.61    
  -7.6e-07 
  -7.5e-07 
  -7.6e-07 
  -7.6e-07 

EFC_AREF
  -0.079   
  -0.12    
   3.3     
  -36      
   11      
   65      
   1e+02   
   1.1e+02 
   67      
  -1.9     
  -0.43    
  -1e+02   
  -0.13    
  -30      
   1.2     
   64      
   0.41    
   0.41    
   0.41    
   0.41    

SUBTREE_LINVEL
   0         0         0       
   0         0         0       
   0         0         0       
   0         0         0       
   0         0         0       
   0         0         0       
   0         0         0       
   0         0         0       
   0         0         0       
   0         0         0       
   0         0         0       
   0         0         0       
   0         0         0       
   0         0         0       
   0         0         0       
   0         0         0       
   0         0         0       
   0         0         0       
   0         0         0       
   0         0         0       
   0         0         0       
   0         0         0       
   0         0         0       
   0         0         0       
   0         0         0       
   0         0         0       
   0         0         0       
   0         0         0       

SUBTREE_ANGMOM
   0         0         0       
   0         0         0       
   0         0         0       
   0         0         0       
   0         0         0       
   0         0         0       
   0         0         0       
   0         0         0       
   0         0         0       
   0         0         0       
   0         0         0       
   0         0         0       
   0         0         0       
   0         0         0       
   0         0         0       
   0         0         0       
   0         0         0       
   0         0         0       
   0         0         0       
   0         0         0       
   0         0         0       
   0         0         0       
   0         0         0       
   0         0         0       
   0         0         0       
   0         0         0       
   0         0         0       
   0         0         0       

ACTUATOR_FORCE
   0.3     
   0.07    
  -0.18    
  -0.38    
  -0.49    
  -0.48    
  -0.35    
   0       
   0.044   
   0.33    
   0.47    
   0.49    
   0.4     
   0.21    
  -0.038   
  -0.27    
  -0.18    
  -0.18    

QFRC_ACTUATOR
   0.3     
   0.07    
  -0.18    
  -0.38    
  -0.49    
  -0.48    
  -0.35    
   0       
   0.044   
   0.33    
   0.47    
   0.49    
   0.4     
   0.21    
  -0.038   
  -0.27    
  -0.18    
  -0.18    

QFRC_SMOOTH
   0.58    
  -0.35    
  -0.14    
  -0.53    
  -0.11    
  -0.06    
   0.0015  
   0.045   
  -0.032   
   0.74    
   0.9     
   0.12    
   0.31    
   0.093   
  -0.13    
  -0.076   
  -0.19    
  -0.16    

QACC_SMOOTH
  -11      
   0.086   
  -16      
  -35      
  -66      
  -33      
  -44      
   2.8     
  -2.4     
  -1.8     
   1       
  -2.5     
   17      
   76      
  -25      
  -61      
  -1.1     
  -8.6     

EFC_B
   7.6     
   5.4     
  -14      
   36      
  -27      
  -99      
  -1.7e+02 
  -1.4e+02 
  -1.1e+02 
   0.11    
   1.5     
   99      
   17      
   1.1e+02 
  -27      
  -1.3e+02 
  -10      
  -10      
  -10      
  -10      

EFC_FORCE
  -0.016   
  -0.0094  
   0.1     
  -0.1     
   0.1     
   0.1     
   0.1     
   0.1     
   0.1     
  -0.1     
  -0.1     
  -0.1     
  -0.046   
  -0.099   
   0.085   
   0.1     
   0.044   
   0.044   
   0.044   
   0.044   

EFC_STATE
  1
  1
  2
  3
  2
  2
  2
  2
  2
  3
  3
  3
  1
  1
  1
  2
  1
  1
  1
  1

QFRC_CONSTRAINT
   0.1     
  -0.1     
   0.1     
   0.1     
   0.1     
   0.1     
   0.1     
  -0.0094  
   0.0094  
  -0.1     
  -0.1     
  -0.1     
  -0.046   
  -0.099   
   0.085   
   0.1     
   0.16    
   0.19    

QFRC_INVERSE
   0       
   0       
   0       
   0       
   0       
   0       
   0       
   0       
   0       
   0       
   0       
   0       
   0       
   0       
   0       
   0       
   0       
   0       

CACC
   0         0         0         0         0         0       
   0         0         0         0         0         0       
   0         0         0         0         0         0       
   0         0         0         0         0         0       
   0         0         0         0         0         0       
   0         0         0         0         0         0       
   0         0         0         0         0         0       
   0         0         0         0         0         0       
   0         0         0         0         0         0       
   0         0         0         0         0         0       
   0         0         0         0         0         0       
   0         0         0         0         0         0       
   0         0         0         0         0         0       
   0         0         0         0         0         0       
   0         0         0         0         0         0       
   0         0         0         0         0         0       
   0         0         0         0         0         0       
   0         0         0         0         0         0       
   0         0         0         0         0         0       
   0         0         0         0         0         0       
   0         0         0         0         0         0       
   0         0         0         0         0         0       
   0         0         0         0         0         0       
   0         0         0         0         0         0       
   0         0         0         0         0         0       
   0         0         0         0         0         0       
   0         0         0         0         0         0       
   0         0         0         0         0         0       

CFRC_INT
   0         0         0         0         0         0       
   0         0         0         0         0         0       
   0         0         0         0         0         0       
   0         0         0         0         0         0       
   0         0         0         0         0         0       
   0         0         0         0         0         0       
   0         0         0         0         0         0       
   0         0         0         0         0         0       
   0         0         0         0         0         0       
   0         0         0         0         0         0       
   0         0         0         0         0         0       
   0         0         0         0         0         0       
   0         0         0         0         0         0       
   0         0         0         0         0         0       
   0         0         0         0         0         0       
   0         0         0         0         0         0       
   0         0         0         0         0         0       
   0         0         0         0         0         0       
   0         0         0         0         0         0       
   0         0         0         0         0         0       
   0         0         0         0         0         0       
   0         0         0         0         0         0       
   0         0         0         0         0         0       
   0         0         0         0         0         0       
   0         0         0         0         0         0       
   0         0         0         0         0         0       
   0         0         0         0         0         0       
   0         0         0         0         0         0       

CFRC_EXT
   0         0         0         0         0         0       
   0         0         0         0         0         0       
   0         0         0         0         0         0       
   0         0         0         0         0         0       
   0         0         0         0         0         0       
   0         0         0         0         0         0       
   0         0         0         0         0         0       
   0         0         0         0         0         0       
   0         0         0         0         0         0       
   0         0         0         0         0         0       
   0         0         0         0         0         0       
   0         0         0         0         0         0       
   0         0         0         0         0         0       
   0         0         0         0         0         0       
   0         0         0         0         0         0       
   0         0         0         0         0         0       
   0         0         0         0         0         0       
   0         0         0         0         0         0       
   0         0         0         0         0         0       
   0         0         0         0         0         0       
   0         0         0         0         0         0       
   0         0         0         0         0         0       
   0         0         0         0         0         0       
   0         0         0         0         0         0       
   0         0         0         0         0         0       
   0         0         0         0         0         0       
   0         0         0         0         0         0       
   0         0         0         0         0         0       

TENDON_EFCADR         -1 -1

